INMARSAT 5-F1
1 39476U 13073A   19346.77980984  .00000047  00000-0  00000+0 0  9998
2 39476   0.0235   3.1964 0000755 321.3188  99.9895  1.00270041 22083
INMARSAT 5-F2
1 40384U 15005A   19346.46916215 -.00000266  00000-0  00000+0 0  9991
2 40384   0.0142 329.9041 0000155 247.0467 337.8304  1.00267379 17828
INMARSAT 5-F3
1 40882U 15042A   19346.80310189  .00000068  00000-0  00000+0 0  9990
2 40882   0.0236   1.9528 0000113 198.3928 349.5510  1.00270608 15709
INMARSAT 5-F4
1 42698U 17025A   19346.63499794  .00000093  00000-0  00000+0 0  9999
2 42698   0.0175 334.5196 0000547 315.4403  76.2032  1.00273236  9419
INMARSAT GX5
1 44801U 19080B   19346.62688442 -.00000154  00000-0  00000+0 0  9998
2 44801   0.0657 260.6784 0000232  75.2538  54.6322  1.00272686   247
