ONEWEB-0012
1 44057U 19010A   20032.40755893  .00000058  00000-0  11006-3 0  9993
2 44057  87.9244   1.7094 0001761  87.7534 272.3801 13.21810995 44781
ONEWEB-0010
1 44058U 19010B   20032.03068417  .00000044  00000-0  76131-4 0  9998
2 44058  87.9236   1.7847 0001787  84.8033 275.3304 13.21815122 44787
ONEWEB-0008
1 44059U 19010C   20032.17885850  .00000061  00000-0  11589-3 0  9996
2 44059  87.9235   1.7545 0001853  85.6000 274.5346 13.21814531 44891
ONEWEB-0007
1 44060U 19010D   20032.25934004  .00000015  00000-0  55674-5 0  9997
2 44060  87.9227   1.7485 0001763  76.5545 283.5785 13.21814044 44931
ONEWEB-0006
1 44061U 19010E   20032.18515996  .00000044  00000-0  74912-4 0  9992
2 44061  87.9233   1.7616 0001845  85.4912 274.6432 13.21815318 44961
ONEWEB-0011
1 44062U 19010F   20032.18672132  .00000042  00000-0  71302-4 0  9997
2 44062  87.9238   1.7502 0001850  85.4734 274.6612 13.21814409 44969
