STARLINK-31
1 44235U 19029A   20032.58334491  .00026975  00000-0  15589-2 0  9992
2 44235  53.0002 111.4803 0001263  66.3846 152.9869 15.12125722 39508
STARLINK-22
1 44236U 19029B   20032.58334491  .00568795  00000-0  15910-1 0  9991
2 44236  52.9981 110.6554 0002037  37.1048 319.0156 15.34157739 39510
STARLINK-23
1 44237U 19029C   20032.58334491  .00021956  00000-0  12730-2 0  9993
2 44237  52.9971 111.2842 0001461  70.4585 112.9019 15.12123177 38391
STARLINK-24
1 44238U 19029D   20032.46146590  .00001839  00000-0  12184-3 0  9994
2 44238  52.9976 111.1401 0001229 108.1111 252.0014 15.12343924 38309
STARLINK-25
1 44239U 19029E   20032.58334491  .00024993  00000-0  14465-2 0  9996
2 44239  53.0040 111.7164 0001258  69.6343 203.7010 15.12113541 38305
STARLINK-26
1 44240U 19029F   20032.58334491  .00040469  00000-0  90353-3 0  9995
2 44240  53.0074  96.3823 0001104  67.1436 102.8252 15.43164397 38597
STARLINK-27
1 44241U 19029G   20032.58334491  .00021437  00000-0  12438-2 0  9997
2 44241  53.0026 111.5987 0001561  81.1282 156.2469 15.12110495 38384
STARLINK-28
1 44242U 19029H   20032.58334491  .00035679  00000-0  92268-3 0  9991
2 44242  52.9937 105.8192 0001844  56.5549 214.2871 15.38778821 38455
STARLINK-29
1 44243U 19029J   20032.58334491  .00012760  00000-0  31116-3 0  9993
2 44243  53.0003  53.4715 0006291 342.7198  97.4815 15.41258416 39189
STARLINK-30
1 44244U 19029K   20032.58334491  .00020133  00000-0  11694-2 0  9995
2 44244  52.9998 111.1583 0001403  55.8656  67.5111 15.12110831 38358
STARLINK-21
1 44245U 19029L   20032.58334491  .00032274  00000-0  18605-2 0  9994
2 44245  52.9959 111.3662 0001496  60.9271 146.4817 15.12123370 38361
STARLINK-46
1 44246U 19029M   20032.58334491  .00238336  11425-4  23323-3 0  9993
2 44246  52.9883   1.9633 0074453 171.5690 147.4554 16.05049298 39647
STARLINK-33
1 44247U 19029N   20032.58334491  .00034046  00000-0  88129-3 0  9994
2 44247  53.0049 107.2824 0001328  66.6069 222.2350 15.38772745 38461
STARLINK-34
1 44248U 19029P   20032.58334491  .00479691  00000-0  19493-1 0  9990
2 44248  52.9959 110.1882 0001578  55.4660  59.2346 15.21885537 38332
STARLINK-61
1 44249U 19029Q   20032.58334491  .00023970  00000-0  11732-2 0  9995
2 44249  52.9972 103.7682 0006655 317.2146  73.0560 15.18069105 38505
STARLINK-36
1 44250U 19029R   20032.58334491  .00025653  00000-0  14832-2 0  9991
2 44250  52.9987 111.2602 0001101  67.0573  86.3018 15.12135186 38348
STARLINK-37
1 44251U 19029S   20032.58334491  .00020577  00000-0  11942-2 0  9991
2 44251  52.9809 110.5345 0001220  94.1916  65.1735 15.12125935 38311
STARLINK-71
1 44252U 19029T   20032.58334491  .00025198  00000-0  14587-2 0  9994
2 44252  52.9977 110.4058 0001040  62.5399 204.8722 15.12100078 38322
STARLINK-39
1 44253U 19029U   20032.25001157  .00245009  00000-0  13617-1 0  9996
2 44253  53.0024 113.0732 0001239  87.8884 121.8758 15.12077485  1798
STARLINK-32
1 44254U 19029V   20032.58334491  .00024974  00000-0  14455-2 0  9991
2 44254  52.9970 111.2774 0001288  72.0398 105.3035 15.12110664 38335
STARLINK-66
1 44255U 19029W   20032.58334491  .00036998  00000-0  95652-3 0  9990
2 44255  53.0028 107.0415 0001378  74.9342 207.9331 15.38770451 38395
STARLINK-42
1 44256U 19029X   20032.58334491  .00619349  00000-0  15738-1 0  9993
2 44256  52.9915 108.5555 0001515  58.6652 247.6075 15.36986646 38339
STARLINK-43
1 44257U 19029Y   20032.58334491  .00050947  00000-0  17430-2 0  9999
2 44257  53.0004  76.1811 0001056 101.9055 353.4799 15.29775273 38888
STARLINK-40
1 44258U 19029Z   20032.58334491  .00042125  00000-0  24192-2 0  9992
2 44258  52.9979 111.2740 0001558  68.9991 102.4131 15.12133363 38374
STARLINK-52
1 44259U 19029AA  20032.44218653  .00000795  00000-0  28773-4 0  9997
2 44259  53.0019  55.6137 0001561 119.1922 240.9238 15.40902665 39029
STARLINK-45
1 44260U 19029AB  20032.58334491  .00024341  00000-0  14089-2 0  9999
2 44260  53.0076 110.0596 0001611  62.3796 138.9732 15.12124843 38446
STARLINK-44
1 44261U 19029AC  20032.58334491  .00023590  00000-0  13663-2 0  9992
2 44261  52.9980 111.2533 0001545  73.0949  92.2528 15.12119364 38388
STARLINK-49
1 44262U 19029AD  20032.58334491  .00023714  00000-0  13740-2 0  9997
2 44262  53.0024 111.6092 0001045  81.5996 161.7514 15.12102528 38397
STARLINK-72
1 44263U 19029AE  20032.58334491  .00017736  00000-0  10319-2 0  9994
2 44263  53.0007 111.0976 0001532  67.9321  49.4592 15.12133808 38387
STARLINK-35
1 44264U 19029AF  20032.58334491  .00018647  00000-0  10840-2 0  9996
2 44264  52.9996 111.1961 0001413  69.7783  65.5848 15.12130450 38369
STARLINK-63
1 44265U 19029AG  20032.58334491  .00019645  00000-0  11410-2 0  9990
2 44265  52.9990 110.5743 0001612  61.2945  80.0634 15.12127150 38406
STARLINK-54
1 44266U 19029AH  20032.58334491  .00026247  00000-0  15182-2 0  9997
2 44266  52.9923 110.6072 0001281  95.5500 189.8378 15.12107447 38330
STARLINK-69
1 44267U 19029AJ  20032.58334491  .00031859  00000-0  18367-2 0  9991
2 44267  52.9977 110.4245 0001183  68.7341 144.5899 15.12127474 38378
STARLINK-55
1 44268U 19029AK  20032.58334491  .00034799  00000-0  90034-3 0  9990
2 44268  52.9935 106.7160 0001410  88.5697 188.2701 15.38776698 38399
STARLINK-57
1 44269U 19029AL  20032.58334491  .00024791  00000-0  14347-2 0  9994
2 44269  52.9964 110.9719 0001243  73.0391 176.3499 15.12120678 38411
STARLINK-58
1 44270U 19029AM  20032.58334491  .00091953  00000-0  40355-2 0  9998
2 44270  52.9963 110.4869 0001448  60.4772 112.9581 15.21187933 38418
STARLINK-59
1 44271U 19029AN  20032.58334491  .00017634  00000-0  10269-2 0  9994
2 44271  52.9980 110.5147 0001334  72.1499  33.2659 15.12105160 38400
STARLINK-51
1 44272U 19029AP  20032.58334491  .00021341  00000-0  12382-2 0  9993
2 44272  52.9979 111.1377 0001268  60.1231  69.2462 15.12114683 38375
STARLINK-60
1 44273U 19029AQ  20032.28119323  .00024079  00000-0  41561-3 0  9999
2 44273  52.9998  45.9521 0006106   6.7476 353.3612 15.50889664 39268
STARLINK-62
1 44274U 19029AR  20032.58334491  .00102334  00000-0  44835-2 0  9995
2 44274  52.9984 110.0691 0001485  59.1610 108.2281 15.21184979 38378
STARLINK-64
1 44275U 19029AS  20032.58334491  .00221393  00000-0  71620-2 0  9995
2 44275  52.9889 109.2352 0001396  66.1774  72.7198 15.30667768 38382
STARLINK-65
1 44276U 19029AT  20032.58334491  .00015736  00000-0  91827-3 0  9990
2 44276  53.0013 111.0661 0001431  58.8321  22.5348 15.12111806 38381
STARLINK-41
1 44277U 19029AU  20032.58334491  .00538482  00000-0  15221-1 0  9991
2 44277  53.0031 109.6836 0001806  43.8705 316.2906 15.33585404 38403
STARLINK-67
1 44278U 19029AV  20032.58334491  .00082210  13579-4  27531-3 0  9993
2 44278  52.9945 349.0810 0021468  74.8443  83.9536 15.89863487 40048
STARLINK-68
1 44279U 19029AW  20032.58334491  .00025850  00000-0  14944-2 0  9995
2 44279  52.9995 110.0542 0001342  59.2669  88.1023 15.12135881 38353
STARLINK-38
1 44280U 19029AX  20032.58334491  .00018400  00000-0  10704-2 0  9990
2 44280  53.0010 111.0305 0001491  69.0794  18.2716 15.12113003 38395
STARLINK-70
1 44281U 19029AY  20032.58334491  .00025285  00000-0  14635-2 0  9997
2 44281  52.9989 110.6031 0000982  67.3310 128.0217 15.12104864 38334
STARLINK-80
1 44282U 19029AZ  20032.16622548  .00004116  00000-0  18062-3 0  9994
2 44282  53.0199  87.7590 0005050 161.2761 198.8422 15.24143482 37085
STARLINK-56
1 44283U 19029BA  20032.58334491  .00017682  00000-0  10297-2 0  9991
2 44283  53.0010 111.1143 0001459  69.5459  29.8501 15.12103220 38396
STARLINK-73
1 44284U 19029BB  20032.58334491  .00017183  00000-0  10011-2 0  9992
2 44284  53.0009 111.0896 0001450  77.2491  16.1122 15.12106706 38381
STARLINK-50
1 44285U 19029BC  20032.58334491  .00017449  00000-0  10163-2 0  9996
2 44285  52.9990 111.0993 0001315  76.7124  34.7046 15.12105878 39442
STARLINK-75
1 44286U 19029BD  20032.58334491  .00523260  00000-0  15128-1 0  9995
2 44286  53.0041 107.6929 0002214  31.5471 335.2534 15.32934150 39496
STARLINK-76
1 44287U 19029BE  20032.58334491  .00025504  00000-0  14761-2 0  9997
2 44287  52.9968 111.3074 0001218  66.2747 123.1188 15.12100768 39442
STARLINK-79
1 44288U 19029BF  20032.58334491  .00025798  00000-0  14914-2 0  9993
2 44288  53.0032 111.6781 0001107  65.9120 195.3987 15.12136570 39452
STARLINK-48
1 44289U 19029BG  20032.58334491  .00037846  00000-0  17646-2 0  9996
2 44289  52.9991  91.4238 0002051 123.2117 147.6967 15.19534113 39719
STARLINK-78
1 44290U 19029BH  20032.58334491  .00024977  00000-0  14451-2 0  9990
2 44290  53.0028 111.5735 0000838  73.6137 181.7377 15.12124966 39450
STARLINK-77
1 44291U 19029BJ  20032.58334491  .00021836  00000-0  12670-2 0  9993
2 44291  53.0039 111.7454 0001540  67.6016 211.7979 15.12099040 39448
STARLINK-81
1 44292U 19029BK  20032.58334491  .00021379  00000-0  12398-2 0  9993
2 44292  53.0039 111.7728 0000992  65.8402 225.5430 15.12131242 39437
STARLINK-74
1 44293U 19029BL  20032.58334491  .00023991  00000-0  13898-2 0  9992
2 44293  53.0028 111.6283 0001229  69.4309 161.8934 15.12102029 39444
STARLINK-53
1 44294U 19029BM  20032.58334491  .00017586  00000-0  10239-2 0  9992
2 44294  52.9979 110.4829 0001734  55.6059  19.7776 15.12113737 39444
STARLINK-1007
1 44713U 19074A   20032.58334491  .00019320  00000-0  14159-3 0  9992
2 44713  53.0051 122.9368 0003224  22.2755 228.5878 15.73221519 12920
STARLINK-1008
1 44714U 19074B   20032.58334491  .00013627  00000-0  10124-3 0  9995
2 44714  53.0055 122.9324 0004215  33.4777 221.6337 15.73219816 12927
STARLINK-1009
1 44715U 19074C   20032.58334491  .00020686  00000-0  15111-3 0  9990
2 44715  53.0048 122.9220 0003293  14.0362 243.5779 15.73244337 12924
STARLINK-1010
1 44716U 19074D   20032.25001157  .00308525  00000-0  21264-2 0  9991
2 44716  53.0049 124.5742 0003224  31.1777 139.9835 15.73154848  1811
STARLINK-1011
1 44717U 19074E   20032.58334491 -.00098086  00000-0 -52065-2 0  9991
2 44717  53.0030 129.1800 0001270  62.1340  54.9267 15.15264643 12837
STARLINK-1012
1 44718U 19074F   20032.58334491  .00013391  00000-0  99567-4 0  9996
2 44718  53.0049 122.9149 0003447  35.1680 225.8416 15.73220116 12926
STARLINK-1013
1 44719U 19074G   20032.58334491  .00024735  00000-0  18001-3 0  9994
2 44719  53.0049 122.9210 0002574  10.7972 247.7193 15.73210290 12926
STARLINK-1014
1 44720U 19074H   20032.58334491 -.00052459  00000-0 -57603-3 0  9993
2 44720  53.0046 123.4833 0003651 288.0286  74.2008 15.62508652 12914
STARLINK-1015
1 44721U 19074J   20032.58334491  .00017586  00000-0  12929-3 0  9996
2 44721  53.0051 122.9253 0002830  57.0920 199.6981 15.73224304 12922
STARLINK-1016
1 44722U 19074K   20032.58334491  .00009945  00000-0  75097-4 0  9993
2 44722  53.0049 122.9256 0003032  46.6728 209.2752 15.73227857 12928
STARLINK-1017
1 44723U 19074L   20032.25001157  .00294609  00000-0  20330-2 0  9999
2 44723  53.0044 124.5862 0005048  12.5411 151.0105 15.73160664  1819
STARLINK-1019
1 44724U 19074M   20032.25001157  .00456262  00000-0  30893-2 0  9990
2 44724  53.0051 124.5717 0005982 104.8079  68.1257 15.73131258  1812
STARLINK-1020
1 44725U 19074N   20032.25001157 -.00082267  00000-0 -44958-2 0  9990
2 44725  53.0055 130.7011 0001588  58.4435 214.4301 15.14137853 12787
STARLINK-1021
1 44726U 19074P   20032.25001157  .00156770  00000-0  11000-2 0  9992
2 44726  53.0051 124.5728 0003748  27.4243 146.3594 15.73204078  1811
STARLINK-1022
1 44727U 19074Q   20032.58334491 -.00006778  00000-0 -44676-3 0  9999
2 44727  53.0678 148.5680 0001213  81.1800  71.9138 15.05556086 12577
STARLINK-1023
1 44728U 19074R   20032.58334491  .00017314  00000-0  12745-3 0  9998
2 44728  53.0053 122.9382 0006759   6.5742 245.1037 15.73190999 12920
STARLINK-1024
1 44729U 19074S   20032.58334491 -.00091004  00000-0 -47676-2 0  9999
2 44729  53.0053 129.1848 0001345  56.6588 106.7865 15.15683103 12849
STARLINK-1025
1 44730U 19074T   20032.58334491  .00013059  00000-0  97155-4 0  9992
2 44730  53.0057 122.9380 0006650  23.7922 229.5954 15.73222054 12928
STARLINK-1026
1 44731U 19074U   20032.58334491  .00111791  00000-0  78933-3 0  9997
2 44731  53.0048 122.9193 0006374 289.7403 329.4154 15.73203529 12920
STARLINK-1027
1 44732U 19074V   20032.58334491 -.00095359  00000-0 -36849-2 0  9990
2 44732  53.0029 126.8258 0001260  58.8863  41.8257 15.26083298 12868
STARLINK-1028
1 44733U 19074W   20032.58334491  .00021627  00000-0  15813-3 0  9995
2 44733  53.0024 122.9375 0002822  13.8158 249.7574 15.73191014 12920
STARLINK-1029
1 44734U 19074X   20032.58334491  .00039668  00000-0  46104-3 0  9997
2 44734  53.0049 125.1865 0001382  49.5932 156.8989 15.61364184 12894
STARLINK-1030
1 44735U 19074Y   20032.58334491 -.00095489  00000-0 -53087-2 0  9990
2 44735  53.0036 129.1781 0001560  58.3246 248.3609 15.13611785 12835
STARLINK-1031
1 44736U 19074Z   20032.58334491 -.00001007  00000-0 -30825-4 0  9991
2 44736  53.0084 129.0767 0001587  67.9800 129.2521 15.20507797 12849
STARLINK-1032
1 44737U 19074AA  20032.58334491 -.00095274  00000-0 -50345-2 0  9998
2 44737  53.0051 129.1735 0001195  70.0233  62.5962 15.15406605 12837
STARLINK-1033
1 44738U 19074AB  20032.58334491 -.00097324  00000-0 -54987-2 0  9993
2 44738  53.0063 129.2562 0001528  57.5072 184.9180 15.13049020 12834
STARLINK-1052
1 44739U 19074AC  20032.58334491 -.00099009  00000-0 -55513-2 0  9992
2 44739  53.0037 129.1913 0001534  59.6143 215.1123 15.13331539 12837
STARLINK-1035
1 44740U 19074AD  20032.58334491 -.00094986  00000-0 -36347-2 0  9997
2 44740  53.0031 127.7336 0001274  56.5232  65.8508 15.26404664 12855
STARLINK-1036
1 44741U 19074AE  20032.58334491 -.00099900  00000-0 -53254-2 0  9995
2 44741  53.0034 129.1814 0001236  66.1791  35.3442 15.15125819 12838
STARLINK-1037
1 44742U 19074AF  20032.58334491 -.00107389  00000-0 -58219-2 0  9993
2 44742  53.0002 129.1592 0001305  67.5513 349.6044 15.14574891 12837
STARLINK-1038
1 44743U 19074AG  20032.58334491 -.00013559  00000-0 -91286-3 0  9991
2 44743  52.9974 148.9808 0001264  88.1337 172.9496 15.05592650 12561
STARLINK-1039
1 44744U 19074AH  20032.58334491 -.00011656  00000-0 -78167-3 0  9991
2 44744  52.9964 148.9851 0000981  89.4995 135.5648 15.05602633 12565
STARLINK-1040
1 44745U 19074AJ  20032.47979176  .00018022  00000-0  11099-3 0  9998
2 44745  53.0020 122.0016 0004542  77.4992 282.6535 15.77304286 12929
STARLINK-1041
1 44746U 19074AK  20032.25001157  .00290636  00000-0  19197-1 0  9998
2 44746  52.9973 150.4743 0001098  75.5398 195.8183 15.05502487  1790
STARLINK-1042
1 44747U 19074AL  20032.58334491 -.00003676  00000-0 -23332-3 0  9991
2 44747  53.0654 148.5953 0001230  88.4499  46.5388 15.05576849 12573
STARLINK-1043
1 44748U 19074AM  20032.58334491 -.00018754  00000-0 -12715-2 0  9997
2 44748  53.0188 148.8640 0001144 110.5524 240.4883 15.05576722 12566
STARLINK-1044
1 44749U 19074AN  20032.58334491 -.00093689  00000-0 -54333-2 0  9990
2 44749  53.0107 129.0919 0001288  61.0402  68.3124 15.12094687 12830
STARLINK-1045
1 44750U 19074AP  20032.58334491 -.00020796  00000-0 -14119-2 0  9999
2 44750  52.9983 148.9892 0001042  75.0619 132.0442 15.05590410 12564
STARLINK-1046
1 44751U 19074AQ  20032.58334491 -.00012014  00000-0 -80627-3 0  9992
2 44751  52.9982 148.9830 0001130  98.6574 144.4218 15.05602752 12566
STARLINK-1047
1 44752U 19074AR  20032.58334491  .00027591  00000-0  12701-2 0  9994
2 44752  53.0036 129.0926 0001193  65.6822  28.5290 15.20132686 12837
STARLINK-1048
1 44753U 19074AS  20032.58334491  .00010979  00000-0  82511-4 0  9995
2 44753  53.0053 122.9402 0002585  28.1012 221.8786 15.73206537 12922
STARLINK-1049
1 44754U 19074AT  20032.58334491  .00019753  00000-0  14477-3 0  9990
2 44754  53.0054 122.9431 0002978  18.5192 230.6385 15.73202923 12922
STARLINK-1050
1 44755U 19074AU  20032.25001157  .00032732  00000-0  22543-2 0  9999
2 44755  53.0691 149.9947 0001312 113.7110  67.4965 15.05597014 12529
STARLINK-1051
1 44756U 19074AV  20032.58334491  .00019319  00000-0  14161-3 0  9990
2 44756  53.0054 122.9442 0002700  41.7075 206.5721 15.73217839 12925
STARLINK-1034
1 44757U 19074AW  20032.58334491 -.00123725  00000-0 -68063-2 0  9999
2 44757  52.9999 129.1472 0001353  65.2104 304.6624 15.14150553 12837
STARLINK-1053
1 44758U 19074AX  20032.25001157  .00206119  00000-0  13773-1 0  9998
2 44758  53.0405 150.2396 0001068  99.0403 316.2696 15.05537502  1796
STARLINK-1054
1 44759U 19074AY  20032.58334491 -.00022611  00000-0 -15365-2 0  9990
2 44759  53.0527 148.6736 0001487  78.5844  20.4282 15.05607649 12569
STARLINK-1055
1 44760U 19074AZ  20032.25001157  .00042617  00000-0  29257-2 0  9997
2 44760  53.0662 150.0423 0000998  76.8506  86.5562 15.05590967 12527
STARLINK-1056
1 44761U 19074BA  20032.58334491 -.00021635  00000-0 -14684-2 0  9991
2 44761  53.0565 148.6391 0001160 108.7142   8.2238 15.05627062 12562
STARLINK-1057
1 44762U 19074BB  20032.58334491 -.00119612  00000-0 -65495-2 0  9991
2 44762  53.0009 129.1509 0001389  61.9889 323.6947 15.14292251 12831
STARLINK-1058
1 44763U 19074BC  20032.58334491 -.00021383  00000-0 -14523-2 0  9995
2 44763  53.0244 148.8232 0001151 130.4887 238.5194 15.05594101 12568
STARLINK-1059
1 44764U 19074BD  20032.58334491 -.00113348  00000-0 -61752-2 0  9995
2 44764  53.0000 129.1540 0001313  69.6870 331.7928 15.14435822 12833
STARLINK-1060
1 44765U 19074BE  20032.58334491 -.00098132  00000-0 -54369-2 0  9995
2 44765  53.0033 129.1299 0001566  57.1350 265.4825 15.13750167 12836
STARLINK-1061
1 44766U 19074BF  20032.58334491 -.00020786  00000-0 -14115-2 0  9991
2 44766  53.0325 148.7734 0001233  97.5895 307.5007 15.05583315 12565
STARLINK-1062
1 44767U 19074BG  20032.25001157  .00083382  00000-0  56798-2 0  9998
2 44767  53.0328 150.1975 0001201 106.6159 326.5289 15.05546316  1799
STARLINK-1063
1 44768U 19074BH  20032.58334491 -.00017007  00000-0 -11501-2 0  9991
2 44768  53.0046 148.9422 0001092  74.8637 240.2293 15.05603613 12562
STARLINK-1064
1 44769U 19074BJ  20032.58334491 -.00017395  00000-0 -11773-2 0  9993
2 44769  53.0014 148.9594 0001174  86.8930 210.0896 15.05590328 12560
STARLINK-1065
1 44770U 19074BK  20032.58334491 -.00018878  00000-0 -12791-2 0  9993
2 44770  53.0017 148.8765 0000830  84.6197 248.4913 15.05604163 12561
STARLINK-1067
1 44771U 19074BL  20032.58334491 -.00021131  00000-0 -14344-2 0  9996
2 44771  53.0284 148.8084 0001041  85.2281 301.8586 15.05607468 12569
STARLINK-1068
1 44772U 19074BM  20032.58334491 -.00114863  00000-0 -63336-2 0  9997
2 44772  53.0019 129.1411 0001457  59.3558 294.8188 15.14017483 12833
STARLINK-1073
1 44914U 20001A   20032.58334491 -.00077165  00000-0 -16672-2 0  9991
2 44914  53.0009 271.7067 0001234  80.1143 130.4629 15.44120667  4003
STARLINK-1084
1 44915U 20001B   20032.58334491 -.00090790  00000-0 -18056-2 0  9999
2 44915  52.9984 271.5277 0001185  57.3333 336.3979 15.46611078  4016
STARLINK-1097
1 44916U 20001C   20032.58334491 -.00048524  00000-0 -10097-2 0  9995
2 44916  53.0003 271.7594 0001235  85.6134 207.1232 15.45018787  4007
STARLINK-1098
1 44917U 20001D   20032.58334491 -.00059933  00000-0 -12416-2 0  9999
2 44917  52.9991 271.7036 0001182  85.3461 227.6641 15.45239883  4007
STARLINK-1099
1 44918U 20001E   20032.58334491 -.00044247  00000-0 -92284-3 0  9994
2 44918  53.0009 271.7375 0001251  87.0973 195.3973 15.44909883  4743
STARLINK-1101
1 44919U 20001F   20032.58334491 -.00052082  00000-0 -11057-2 0  9999
2 44919  53.0006 271.6859 0001246  82.9152 158.5739 15.44462508  4002
STARLINK-1102
1 44920U 20001G   20032.58334491 -.00060362  00000-0 -12893-2 0  9990
2 44920  53.0006 271.6700 0001259  76.2018 155.0069 15.44348617  4002
STARLINK-1103
1 44921U 20001H   20032.58334491 -.00047147  00000-0 -99562-3 0  9996
2 44921  53.0008 271.6999 0001255  84.8769 166.9063 15.44574882  4009
STARLINK-1104
1 44922U 20001J   20032.58334491 -.00043231  00000-0 -90474-3 0  9990
2 44922  53.0006 271.7166 0001274  79.6973 192.5596 15.44799187  4008
STARLINK-1106
1 44923U 20001K   20032.58334491 -.00085668  00000-0 -18684-2 0  9993
2 44923  53.0004 271.7370 0001233  77.7445 112.1619 15.43892480  4005
STARLINK-1111
1 44924U 20001L   20032.58334491 -.00056171  00000-0 -12030-2 0  9990
2 44924  52.9993 271.6983 0001255  70.2109 150.7013 15.44238554  4002
STARLINK-1112
1 44925U 20001M   20032.58334491 -.00086116  00000-0 -18858-2 0  9997
2 44925  53.0008 271.7814 0001224  75.8001 103.7541 15.43775492  4004
STARLINK-1113
1 44926U 20001N   20032.58334491 -.00084978  00000-0 -16633-2 0  9991
2 44926  52.9983 271.4545 0001187  60.1669  13.1234 15.47039535  4747
STARLINK-1114
1 44927U 20001P   20032.58334491 -.00089979  00000-0 -17758-2 0  9997
2 44927  52.9985 271.4862 0001224  54.6194 358.6805 15.46827888  4011
STARLINK-1119
1 44928U 20001Q   20032.58334491 -.00087595  00000-0 -17215-2 0  9998
2 44928  52.9984 271.4683 0001164  61.1788   1.8855 15.46936735  4011
STARLINK-1121
1 44929U 20001R   20032.58334491 -.00083845  00000-0 -18209-2 0  9997
2 44929  53.0007 271.7317 0001232  81.0864 119.1317 15.44007312  4002
STARLINK-1123
1 44930U 20001S   20032.58334491 -.00056493  00000-0 -11737-2 0  9997
2 44930  53.0006 271.7131 0001212  81.4073 221.4106 15.45130230  4001
STARLINK-1128
1 44931U 20001T   20032.58334491 -.00077082  00000-0 -15005-2 0  9997
2 44931  52.9980 271.4341 0001160  63.9252  18.8656 15.47153110  4740
STARLINK-1130 (DARKSAT)
1 44932U 20001U   20032.58334491 -.00089309  00000-0 -17690-2 0  9995
2 44932  53.0004 271.5090 0001138  62.6212 340.9372 15.46719952  5240
STARLINK-1144
1 44933U 20001V   20032.58334491 -.00044747  00000-0 -94060-3 0  9990
2 44933  53.0007 271.7148 0001270  80.4560 181.6143 15.44686034  5294
STARLINK-1071
1 44934U 20001W   20032.58334491  .00633795  00000-0  42044-2 0  9990
2 44934  52.9968 270.0378 0006323 313.7538  37.1553 15.73102300  4028
STARLINK-1072
1 44935U 20001X   20032.58334491  .00663382  00000-0  43898-2 0  9994
2 44935  52.9970 270.0230 0000929  73.4865 285.0762 15.73075118  4031
STARLINK-1078
1 44936U 20001Y   20032.58334491  .00638060  00000-0  42310-2 0  9998
2 44936  52.9968 270.0347 0000970  70.4094 282.2039 15.73099900  4025
STARLINK-1079
1 44937U 20001Z   20032.58334491  .00611689  00000-0  40706-2 0  9994
2 44937  52.9969 270.0267 0000967  66.4469 290.3864 15.73092585  4034
STARLINK-1082
1 44938U 20001AA  20032.58334491  .00684217  00000-0  45162-2 0  9993
2 44938  52.9969 270.0480 0001117  67.6815 278.9698 15.73075243  4026
STARLINK-1083
1 44939U 20001AB  20032.58334491  .00653802  00000-0  43283-2 0  9992
2 44939  52.9970 270.0519 0000970  69.8455 275.0950 15.73092770  4025
STARLINK-1091
1 44940U 20001AC  20032.58334491  .00639609  00000-0  42438-2 0  9994
2 44940  52.9969 270.0202 0001112  82.8818 276.5083 15.73081947  4039
STARLINK-1094
1 44941U 20001AD  20032.58334491  .00729709  00000-0  47902-2 0  9997
2 44941  52.9968 270.0304 0001016  74.0799 280.1838 15.73071881  4020
STARLINK-1096
1 44942U 20001AE  20032.58334491  .00828244  00000-0  53698-2 0  9991
2 44942  52.9968 270.0237 0008430 311.0317  46.7319 15.73079299  4035
STARLINK-1100
1 44943U 20001AF  20032.25001157  .00004191  00000-0  34211-4 0  9995
2 44943  52.9968 271.7095 0001191  56.4495 200.3324 15.73236758  1867
STARLINK-1108
1 44944U 20001AG  20032.58334491  .00650382  00000-0  43063-2 0  9994
2 44944  52.9970 270.0372 0001214  68.7136 283.0736 15.73100092  4022
STARLINK-1109
1 44945U 20001AH  20032.58334491  .00810226  00000-0  52664-2 0  9997
2 44945  52.9970 270.0195 0000953  69.1617 291.0946 15.73071651  4035
STARLINK-1110
1 44946U 20001AJ  20032.58334491  .00624188  00000-0  41443-2 0  9991
2 44946  52.9970 270.0408 0001203  72.0423 278.0267 15.73110948  4023
STARLINK-1116
1 44947U 20001AK  20032.58334491  .00616096  00000-0  40984-2 0  9990
2 44947  52.9968 270.0273 0001139  69.2000 286.8050 15.73089210  4022
STARLINK-1118
1 44948U 20001AL  20032.58334491  .00525908  00000-0  35355-2 0  9998
2 44948  52.9970 270.0294 0001076  66.6666 288.4756 15.73103049  4026
STARLINK-1122
1 44949U 20001AM  20032.58334491  .00652047  00000-0  43200-2 0  9992
2 44949  52.9969 270.0443 0001201  72.8553 275.5091 15.73080654  4020
STARLINK-1125
1 44950U 20001AN  20032.25001157 -.00012837  00000-0 -87094-4 0  9998
2 44950  52.9966 271.7119 0001145  51.1465 203.9731 15.73217239  1862
STARLINK-1126
1 44951U 20001AP  20032.25001157  .00007125  00000-0  55036-4 0  9992
2 44951  52.9967 271.7053 0001421  50.7961 207.6507 15.73240823  1861
STARLINK-1117
1 44952U 20001AQ  20032.58334491  .00614368  00000-0  40797-2 0  9998
2 44952  52.9977 270.0343 0001028  62.9126 290.5175 15.73135319  4024
STARLINK-1124
1 44953U 20001AR  20032.58334491 -.00066865  00000-0 -41540-3 0  9992
2 44953  52.9997 267.7979 0000916  82.5276 288.0369 15.76306142  5355
STARLINK-1066
1 44954U 20001AS  20032.58334491  .00489175  00000-0  33000-2 0  9995
2 44954  52.9975 269.9841 0001139  71.4623 305.8291 15.73128420  3971
STARLINK-1069
1 44955U 20001AT  20032.58334491  .00577981  00000-0  38625-2 0  9997
2 44955  52.9973 269.9887 0001092  65.1948 309.5248 15.73091862  3970
STARLINK-1070
1 44956U 20001AU  20032.58334491  .00539550  00000-0  36175-2 0  9996
2 44956  52.9975 269.9887 0001135  68.5913 307.0037 15.73126594  4038
STARLINK-1074
1 44957U 20001AV  20032.58334491  .00833164  00000-0  54043-2 0  9999
2 44957  52.9972 270.0017 0001076  65.2348 303.5434 15.73054777  4039
STARLINK-1075
1 44958U 20001AW  20032.58334491  .00517804  00000-0  34807-2 0  9996
2 44958  52.9973 269.9986 0001206  69.1879 301.2263 15.73129110  4039
STARLINK-1076
1 44959U 20001AX  20032.58334491  .00647165  00000-0  42849-2 0  9996
2 44959  52.9970 270.0086 0001072  65.5393 299.8170 15.73109429  4033
STARLINK-1077
1 44960U 20001AY  20032.58334491  .00837076  00000-0  54223-2 0  9999
2 44960  52.9971 269.9953 0001148  64.6810 306.6015 15.73075879  4030
STARLINK-1080
1 44961U 20001AZ  20032.25001157 -.00016896  00000-0 -11596-3 0  9992
2 44961  52.9970 271.6720 0001318  47.6663 227.0192 15.73242539  1867
STARLINK-1081
1 44962U 20001BA  20032.58334491  .00711254  00000-0  46768-2 0  9995
2 44962  52.9974 269.9846 0001220  64.8135 311.6444 15.73087143  4038
STARLINK-1085
1 44963U 20001BB  20032.58334491  .00559332  00000-0  37447-2 0  9997
2 44963  52.9974 269.9912 0001115  58.4117 315.4591 15.73103166  4764
STARLINK-1086
1 44964U 20001BC  20032.58334491  .00513137  00000-0  34540-2 0  9992
2 44964  52.9972 269.9919 0001068  66.0011 306.9822 15.73110517  4035
STARLINK-1087
1 44965U 20001BD  20032.58334491  .00806710  00000-0  52492-2 0  9991
2 44965  52.9971 270.0035 0001078  61.9872 305.9477 15.73057074  4760
STARLINK-1088
1 44966U 20001BE  20032.25001157  .00050511  00000-0  36139-3 0  9997
2 44966  52.9970 271.6651 0005681 312.8745 325.1886 15.73226681  1860
STARLINK-1089
1 44967U 20001BF  20032.58334491  .00566474  00000-0  37897-2 0  9995
2 44967  52.9968 270.0146 0001005  61.7919 300.1686 15.73099524  4036
STARLINK-1090
1 44968U 20001BG  20032.58334491  .00564950  00000-0  37783-2 0  9997
2 44968  52.9971 270.0139 0001251  66.9400 295.9060 15.73112206  4038
STARLINK-1092
1 44969U 20001BH  20032.58334491  .00579489  00000-0  38685-2 0  9993
2 44969  52.9970 270.0096 0001209  69.1182 295.4041 15.73112650  4032
STARLINK-1093
1 44970U 20001BJ  20032.58334491  .00538549  00000-0  36133-2 0  9993
2 44970  52.9971 269.9983 0001201  61.5224 308.0855 15.73113352  4036
STARLINK-1095
1 44971U 20001BK  20032.58334491  .00694324  00000-0  45776-2 0  9991
2 44971  52.9972 269.9949 0001259  63.4553 308.6978 15.73073865  4035
STARLINK-1107
1 44972U 20001BL  20032.58334491  .00823047  00000-0  53469-2 0  9996
2 44972  52.9969 270.0174 0006054 310.4868  50.6347 15.73055601  4039
STARLINK-1115
1 44973U 20001BM  20032.58334491  .00811273  00000-0  52757-2 0  9994
2 44973  52.9970 270.0061 0000971  63.3200 302.8791 15.73057578  4033
FALCON 9 DEB
1 44974U 20001BN  20031.72477914  .00073027  13665-4  13322-3 0  9996
2 44974  52.9942 270.9132 0004768  42.1706 317.9689 16.01503748  3944
FALCON 9 DEB
1 44975U 20001BP  20032.03313303  .00086607  14592-4  15424-3 0  9996
2 44975  52.9942 269.2721 0008225  47.8365 312.3362 16.01741858  3993
FALCON 9 DEB
1 44976U 20001BQ  20031.76914657  .00080257  14211-4  13539-3 0  9993
2 44976  52.9945 270.4714 0004672  60.3782 299.7712 16.02762047  3955
FALCON 9 DEB
1 44977U 20001BR  20032.07351403  .00169516  23916-4  26401-3 0  9993
2 44977  52.9950 268.8030 0004842  82.3051 277.8529 16.03716617  4009
